100074
100098
100111
105441
105442
105444
105445
105446
105447
105448
105458
106864
106865
106866
106948
107843
108077
108079
108084
108275
108635
108644
108657
108672
108682
108683
108687
110636
110684
110726
111152
111172
111173
111425
111427
111740
111743
111770
111787
112398
112405
112406
112407
112463
112480
112593
113416
113477
113592
113605
113607
113618
113650
114284
114285
114290
114399
114400
114533
114541
114542
114574
114577
114581
114592
114593
114599
114794
115001
115012
115196
115202
115212
115219
115251
115442
115443
116692
116695
116701
118473
118474
118500
187151
187153
187154
189126
189128
189132
189341
189342
189343
82364
82369
82370
82522
82526
82529
82532
82533
82534
82537
82538
82539
82546
82548
82636
82641
82643
82646
82648
82656
82657
82660
82661
82663
99654
99675
99676
99691
99697
99705
99706
99707
99714
99717
99740
99769
99787
99791
99794
99835
99849
99850
99925
99926
ALTBAL023
ALTBAL204
CPM333
MAG14
MAG16
MFOR221
